$ 1 0.000005 10.20027730826997 50 5 50
a 736 192 848 192 0 15 -15 1000000 0.0006512981856530367 0.0006468112566162998
r 736 176 640 176 0 200
r 736 208 656 208 0 100
r 656 208 576 208 0 100
w 640 176 576 176 0
w 576 176 576 208 0
t 688 256 656 256 0 1 0.7165138568959106 0.7171606681525269 100
w 656 240 656 208 0
w 736 144 736 176 0
w 848 144 848 192 0
r 688 256 832 256 0 100
g 656 272 656 304 0
w 576 208 528 208 0
172 464 224 432 224 0 6 0.45 15 0 0 0.5 control del schmitt
r 736 144 848 144 0 200
a 848 208 976 208 0 15 -15 1000000 -0.4486929036736935 3.7760000478452014
w 832 256 976 256 0
w 976 256 976 208 0
w 848 224 848 288 0
w 848 288 448 288 0
a 464 208 528 208 0 15 -15 1000000 0.44999550004499955 0.45
w 464 192 464 160 0
w 464 160 528 160 0
w 528 160 528 208 0
x 474 414 863 417 0 24 CC-BY-SA Santiago Calvo Ramos
x 476 437 910 440 0 24 <santiagocalvoramos@gmail.com>
R 448 288 448 320 0 3 40 5 0 0 0.5
o 26 64 0 2083 5 0.00009765625 0 -1 0
o 17 64 0 2083 20 0.2 0 -1 0
