$ 1 0.000005 10.20027730826997 50 5 50
a 448 192 560 192 0 15 -15 1000000 0.016084215091199158 0.016080036820500535
r 448 176 352 176 0 200
r 448 208 368 208 0 100
r 368 208 288 208 0 100
w 352 176 288 176 0
w 288 176 288 208 0
w 368 240 368 208 0
w 448 144 448 176 0
w 560 144 560 192 0
r 400 256 544 256 0 100
g 368 272 368 304 0
w 288 208 240 208 0
172 176 224 144 224 0 6 0.45 15 0 0 0.5 control del schmitt
r 448 144 560 144 0 200
a 560 208 688 208 0 15 -15 1000000 -0.4178270698626012 3.635999945438214
w 544 256 688 256 0
w 688 256 688 208 0
w 560 224 560 288 0
w 560 288 160 288 0
a 176 208 240 208 0 15 -15 1000000 0.44999550004499955 0.45
w 176 192 176 160 0
w 176 160 240 160 0
w 240 160 240 208 0
x 506 430 895 433 0 24 CC-BY-SA Santiago Calvo Ramos
x 508 453 942 456 0 24 <santiagocalvoramos@gmail.com>
R 160 288 160 320 0 3 40 5 0 0 0.5
R 784 304 784 336 0 3 40 5 0 0 0.5
w 864 176 864 224 0
w 800 176 864 176 0
w 800 208 800 176 0
a 800 224 864 224 0 15 -15 1000000 0.44999550004499955 0.45
w 1184 304 784 304 0
w 1184 240 1184 304 0
w 1312 224 1312 128 0
w 1168 128 1312 128 0
r 1072 160 1184 160 0 200
172 800 240 768 240 0 6 0.45 15 0 0 0.5 control del schmitt
w 912 224 864 224 0
r 1024 128 1168 128 0 100
w 1184 160 1184 208 0
w 1072 160 1072 192 0
w 992 224 992 144 0
w 912 192 912 224 0
w 976 192 912 192 0
r 992 224 912 224 0 100
r 1072 224 992 224 0 100
r 1072 192 976 192 0 200
a 1072 208 1184 208 0 15 -15 1000000 0.016065768052954923 0.016061589413315532
a 1184 224 1312 224 1 15 -15 1000000 3.635999945438214 -0.4178639639390897
f 400 256 368 256 0 1.5 0.02
f 1024 128 992 128 1 1.5 0.02
g 992 112 992 80 0
o 25 64 0 2083 5 0.00009765625 0 -1 0
o 16 64 0 2083 20 0.00009765625 0 -1 0
o 34 64 0 2083 20 0.00009765625 0 -1 0
o 26 64 0 2083 5 0.00009765625 0 -1 0
